00000.jpg,800,1360,11,774.0,411.0,41.0,35.0,
00001.jpg,800,1360,40,983.0,388.0,41.0,44.0,38,386.0,494.0,56.0,58.0,
00002.jpg,800,1360,39,892.0,476.0,114.0,116.0,
00003.jpg,800,1360,4,742.0,443.0,23.0,23.0,9,742.0,466.0,22.0,23.0,21,737.0,412.0,32.0,31.0,
00004.jpg,800,1360,21,898.0,342.0,69.0,67.0,2,906.0,407.0,49.0,52.0,
00005.jpg,800,1360,9,1172.0,164.0,112.0,114.0,
00006.jpg,800,1360,2,926.0,350.0,63.0,64.0,
00007.jpg,800,1360,9,825.0,406.0,39.0,39.0,
00008.jpg,800,1360,2,785.0,460.0,26.0,26.0,
00009.jpg,800,1360,4,925.0,466.0,24.0,24.0,
00010.jpg,800,1360,
00011.jpg,800,1360,1,720.0,338.0,50.0,60.0,21,710.0,265.0,70.0,77.0,
00012.jpg,800,1360,1,979.0,364.0,55.0,54.0,
00013.jpg,800,1360,2,1043.0,281.0,77.0,75.0,
00014.jpg,800,1360,21,712.0,492.0,20.0,19.0,
00015.jpg,800,1360,25,770.0,426.0,38.0,36.0,
00016.jpg,800,1360,
00017.jpg,800,1360,30,908.0,302.0,123.0,106.0,11,575.0,495.0,23.0,20.0,
00018.jpg,800,1360,4,950.0,455.0,31.0,31.0,
00019.jpg,800,1360,2,845.0,423.0,43.0,42.0,
00020.jpg,800,1360,23,825.0,428.0,37.0,35.0,
00021.jpg,800,1360,27,825.0,388.0,52.0,49.0,
00022.jpg,800,1360,27,667.0,472.0,25.0,25.0,
00023.jpg,800,1360,1,998.0,292.0,76.0,79.0,23,46.0,350.0,90.0,94.0,23,945.0,435.0,61.0,57.0,
00024.jpg,800,1360,
00025.jpg,800,1360,40,734.0,463.0,33.0,34.0,
00026.jpg,800,1360,1,453.0,411.0,39.0,40.0,
00027.jpg,800,1360,2,969.0,386.0,55.0,55.0,2,102.0,375.0,55.0,55.0,
00028.jpg,800,1360,25,775.0,399.0,58.0,54.0,35,391.0,468.0,26.0,26.0,
00029.jpg,800,1360,15,1091.0,393.0,42.0,43.0,
00030.jpg,800,1360,38,394.0,511.0,26.0,26.0,
00031.jpg,800,1360,25,763.0,426.0,49.0,47.0,
00032.jpg,800,1360,33,683.0,469.0,20.0,24.0,
00033.jpg,800,1360,38,22.0,505.0,66.0,66.0,
00034.jpg,800,1360,28,866.0,430.0,33.0,30.0,
00035.jpg,800,1360,38,264.0,475.0,38.0,39.0,
00036.jpg,800,1360,35,1138.0,424.0,25.0,26.0,
00037.jpg,800,1360,38,668.0,527.0,22.0,21.0,
00038.jpg,800,1360,
00039.jpg,800,1360,35,953.0,252.0,62.0,61.0,
00040.jpg,800,1360,33,1040.0,310.0,90.0,90.0,
00041.jpg,800,1360,38,997.0,484.0,34.0,33.0,
00042.jpg,800,1360,18,916.0,300.0,79.0,74.0,
00043.jpg,800,1360,36,1047.0,357.0,45.0,45.0,35,110.0,444.0,33.0,36.0,
00044.jpg,800,1360,
00045.jpg,800,1360,38,178.0,504.0,62.0,93.0,
00046.jpg,800,1360,
00047.jpg,800,1360,26,553.0,462.0,26.0,26.0,
00048.jpg,800,1360,40,780.0,443.0,31.0,31.0,38,341.0,523.0,39.0,39.0,
00049.jpg,800,1360,37,993.0,397.0,32.0,33.0,
00050.jpg,800,1360,34,946.0,373.0,21.0,27.0,
00051.jpg,800,1360,
00052.jpg,800,1360,36,833.0,352.0,37.0,37.0,
00053.jpg,800,1360,15,1156.0,333.0,40.0,39.0,35,766.0,438.0,33.0,33.0,
00054.jpg,800,1360,27,1113.0,436.0,39.0,37.0,0,1117.0,473.0,29.0,29.0,38,456.0,520.0,20.0,20.0,
00055.jpg,800,1360,25,702.0,413.0,45.0,42.0,
00056.jpg,800,1360,1,729.0,436.0,31.0,31.0,
00057.jpg,800,1360,1,990.0,418.0,46.0,49.0,
00058.jpg,800,1360,
00059.jpg,800,1360,
00060.jpg,800,1360,38,296.0,508.0,27.0,27.0,2,819.0,441.0,23.0,23.0,
00061.jpg,800,1360,2,1224.0,333.0,61.0,61.0,
00062.jpg,800,1360,
00063.jpg,800,1360,9,815.0,499.0,22.0,22.0,
00064.jpg,800,1360,2,786.0,447.0,22.0,23.0,
00065.jpg,800,1360,9,973.0,377.0,49.0,50.0,
00066.jpg,800,1360,38,569.0,483.0,49.0,52.0,
00067.jpg,800,1360,9,949.0,435.0,30.0,30.0,
00068.jpg,800,1360,
00069.jpg,800,1360,2,817.0,459.0,21.0,21.0,
00070.jpg,800,1360,23,946.0,300.0,80.0,73.0,
00071.jpg,800,1360,24,788.0,437.0,40.0,36.0,1,794.0,474.0,28.0,28.0,9,794.0,503.0,27.0,26.0,
00072.jpg,800,1360,4,836.0,456.0,22.0,22.0,
00073.jpg,800,1360,23,723.0,431.0,29.0,26.0,2,727.0,457.0,21.0,20.0,9,727.0,476.0,22.0,21.0,23,425.0,428.0,31.0,27.0,2,430.0,453.0,22.0,22.0,9,432.0,475.0,20.0,20.0,
00074.jpg,800,1360,38,383.0,527.0,38.0,42.0,
00075.jpg,800,1360,23,1120.0,350.0,67.0,59.0,4,1131.0,409.0,48.0,47.0,
00076.jpg,800,1360,21,784.0,440.0,35.0,32.0,2,789.0,471.0,26.0,24.0,
00077.jpg,800,1360,20,951.0,348.0,64.0,60.0,9,962.0,408.0,49.0,47.0,
00078.jpg,800,1360,29,1211.0,206.0,108.0,99.0,
00079.jpg,800,1360,11,762.0,459.0,30.0,30.0,
00080.jpg,800,1360,9,829.0,381.0,51.0,51.0,
00081.jpg,800,1360,38,233.0,499.0,16.0,22.0,
00082.jpg,800,1360,38,247.0,492.0,84.0,88.0,
00083.jpg,800,1360,40,1071.0,297.0,71.0,71.0,
00084.jpg,800,1360,38,707.0,523.0,27.0,28.0,
00085.jpg,800,1360,1,846.0,429.0,29.0,29.0,
00086.jpg,800,1360,
00087.jpg,800,1360,
00088.jpg,800,1360,10,956.0,464.0,26.0,26.0,10,410.0,464.0,26.0,26.0,8,412.0,440.0,24.0,24.0,8,956.0,440.0,25.0,24.0,
00089.jpg,800,1360,5,1025.0,438.0,29.0,30.0,5,634.0,447.0,26.0,27.0,
00090.jpg,800,1360,
00091.jpg,800,1360,
00092.jpg,800,1360,35,423.0,449.0,21.0,21.0,
00093.jpg,800,1360,1,344.0,397.0,35.0,39.0,1,1076.0,339.0,43.0,50.0,
00094.jpg,800,1360,16,946.0,370.0,49.0,49.0,16,113.0,316.0,76.0,76.0,
00095.jpg,800,1360,1,698.0,461.0,21.0,20.0,19,695.0,437.0,28.0,24.0,
00096.jpg,800,1360,
00097.jpg,800,1360,38,148.0,446.0,48.0,53.0,
00098.jpg,800,1360,
00099.jpg,800,1360,20,910.0,495.0,43.0,38.0,
00100.jpg,800,1360,30,413.0,507.0,38.0,34.0,30,863.0,505.0,39.0,35.0,
00101.jpg,800,1360,5,835.0,406.0,56.0,55.0,
00102.jpg,800,1360,34,945.0,374.0,39.0,41.0,
00103.jpg,800,1360,36,855.0,396.0,35.0,35.0,
00104.jpg,800,1360,25,767.0,462.0,41.0,37.0,
00105.jpg,800,1360,18,256.0,438.0,47.0,46.0,26,958.0,378.0,66.0,62.0,
00106.jpg,800,1360,25,902.0,369.0,83.0,74.0,
00107.jpg,800,1360,25,486.0,485.0,54.0,52.0,1,490.0,536.0,39.0,40.0,
00109.jpg,800,1360,3,990.0,484.0,30.0,29.0,
00110.jpg,800,1360,9,929.0,489.0,25.0,24.0,
00111.jpg,800,1360,3,1091.0,465.0,32.0,32.0,3,350.0,503.0,32.0,32.0,
00112.jpg,800,1360,3,366.0,473.0,33.0,35.0,3,1186.0,475.0,39.0,39.0,
00113.jpg,800,1360,10,351.0,413.0,68.0,67.0,
00114.jpg,800,1360,3,1169.0,421.0,62.0,63.0,
00115.jpg,800,1360,38,330.0,523.0,21.0,22.0,
00116.jpg,800,1360,35,1078.0,254.0,58.0,58.0,
00117.jpg,800,1360,38,438.0,500.0,58.0,58.0,
00118.jpg,800,1360,38,229.0,505.0,56.0,59.0,
00119.jpg,800,1360,23,847.0,472.0,26.0,24.0,
00120.jpg,800,1360,2,58.0,243.0,106.0,102.0,
00121.jpg,800,1360,7,91.0,308.0,94.0,108.0,
00122.jpg,800,1360,7,500.0,496.0,21.0,22.0,7,883.0,498.0,21.0,22.0,
00123.jpg,800,1360,7,519.0,492.0,31.0,32.0,7,1101.0,483.0,32.0,33.0,
00124.jpg,800,1360,4,532.0,481.0,26.0,26.0,4,976.0,470.0,26.0,26.0,
00125.jpg,800,1360,2,1019.0,313.0,87.0,88.0,
00126.jpg,800,1360,2,840.0,374.0,28.0,30.0,2,379.0,365.0,32.0,31.0,
00127.jpg,800,1360,5,138.0,385.0,37.0,38.0,5,1009.0,380.0,37.0,37.0,
00128.jpg,800,1360,
00129.jpg,800,1360,9,962.0,379.0,46.0,47.0,26,866.0,399.0,39.0,40.0,
00130.jpg,800,1360,1,209.0,426.0,27.0,27.0,1,601.0,431.0,25.0,25.0,18,318.0,439.0,27.0,28.0,
00131.jpg,800,1360,9,1010.0,430.0,24.0,25.0,1,474.0,389.0,26.0,26.0,
00132.jpg,800,1360,18,314.0,306.0,79.0,71.0,
00133.jpg,800,1360,36,841.0,432.0,17.0,18.0,35,505.0,415.0,17.0,17.0,
00134.jpg,800,1360,1,1008.0,299.0,65.0,66.0,
00135.jpg,800,1360,1,718.0,298.0,59.0,58.0,
00136.jpg,800,1360,11,816.0,401.0,41.0,36.0,
00137.jpg,800,1360,11,824.0,324.0,68.0,60.0,
00138.jpg,800,1360,15,157.0,179.0,78.0,89.0,15,1302.0,399.0,34.0,33.0,
00140.jpg,800,1360,
00141.jpg,800,1360,2,857.0,379.0,37.0,37.0,
00142.jpg,800,1360,2,816.0,454.0,19.0,19.0,
00143.jpg,800,1360,
00144.jpg,800,1360,4,708.0,445.0,19.0,19.0,
00146.jpg,800,1360,28,707.0,404.0,25.0,22.0,2,711.0,427.0,18.0,18.0,
00147.jpg,800,1360,20,750.0,419.0,34.0,33.0,
00148.jpg,800,1360,30,872.0,353.0,71.0,63.0,
00149.jpg,800,1360,4,1131.0,274.0,90.0,87.0,
00150.jpg,800,1360,2,824.0,345.0,41.0,41.0,
00151.jpg,800,1360,1,794.0,372.0,30.0,29.0,
00152.jpg,800,1360,
00153.jpg,800,1360,35,307.0,409.0,31.0,31.0,
00154.jpg,800,1360,35,692.0,410.0,25.0,26.0,
00155.jpg,800,1360,38,425.0,386.0,43.0,45.0,
00156.jpg,800,1360,9,819.0,388.0,29.0,29.0,
00157.jpg,800,1360,9,262.0,423.0,35.0,37.0,9,885.0,392.0,41.0,40.0,38,650.0,505.0,21.0,21.0,
00158.jpg,800,1360,
00159.jpg,800,1360,39,974.0,443.0,57.0,63.0,39,713.0,476.0,27.0,27.0,38,86.0,473.0,31.0,31.0,38,890.0,466.0,27.0,39.0,
00160.jpg,800,1360,25,610.0,388.0,43.0,40.0,
00161.jpg,800,1360,34,717.0,445.0,18.0,17.0,
00162.jpg,800,1360,
00163.jpg,800,1360,38,753.0,473.0,72.0,72.0,
00164.jpg,800,1360,26,874.0,375.0,44.0,41.0,
00165.jpg,800,1360,1,382.0,412.0,17.0,19.0,11,689.0,292.0,56.0,48.0,
00166.jpg,800,1360,1,814.0,382.0,34.0,34.0,
00167.jpg,800,1360,2,369.0,446.0,23.0,23.0,2,729.0,433.0,21.0,22.0,
00168.jpg,800,1360,18,693.0,419.0,26.0,23.0,
00169.jpg,800,1360,2,1089.0,153.0,123.0,123.0,
00170.jpg,800,1360,4,912.0,322.0,32.0,36.0,
00171.jpg,800,1360,4,882.0,335.0,50.0,50.0,9,883.0,385.0,49.0,48.0,
00172.jpg,800,1360,25,712.0,471.0,28.0,24.0,1,718.0,418.0,19.0,19.0,
00173.jpg,800,1360,1,1111.0,279.0,50.0,50.0,
00174.jpg,800,1360,28,718.0,413.0,35.0,31.0,2,723.0,443.0,24.0,24.0,
00175.jpg,800,1360,9,893.0,341.0,51.0,55.0,
00176.jpg,800,1360,2,850.0,414.0,25.0,26.0,
00177.jpg,800,1360,38,502.0,451.0,17.0,17.0,
00178.jpg,800,1360,2,728.0,456.0,20.0,20.0,
00179.jpg,800,1360,
00180.jpg,800,1360,2,968.0,384.0,36.0,37.0,
00181.jpg,800,1360,4,793.0,299.0,60.0,60.0,
00182.jpg,800,1360,2,656.0,412.0,29.0,29.0,
00183.jpg,800,1360,19,766.0,369.0,40.0,37.0,
00184.jpg,800,1360,1,790.0,273.0,60.0,61.0,
00185.jpg,800,1360,2,967.0,150.0,109.0,107.0,
00186.jpg,800,1360,4,603.0,455.0,18.0,19.0,4,325.0,428.0,20.0,20.0,
00187.jpg,800,1360,2,675.0,405.0,34.0,34.0,2,161.0,393.0,33.0,35.0,
00188.jpg,800,1360,11,705.0,379.0,47.0,43.0,
00189.jpg,800,1360,18,853.0,339.0,64.0,55.0,
00190.jpg,800,1360,35,670.0,400.0,19.0,21.0,
00191.jpg,800,1360,11,693.0,406.0,35.0,33.0,
00192.jpg,800,1360,1,314.0,440.0,20.0,21.0,
00193.jpg,800,1360,
00194.jpg,800,1360,28,718.0,306.0,69.0,63.0,
00195.jpg,800,1360,11,1040.0,155.0,121.0,113.0,18,784.0,398.0,36.0,32.0,
00196.jpg,800,1360,33,734.0,370.0,44.0,46.0,38,534.0,471.0,24.0,25.0,
00197.jpg,800,1360,11,867.0,278.0,89.0,83.0,
00198.jpg,800,1360,36,681.0,438.0,18.0,18.0,
00199.jpg,800,1360,11,826.0,322.0,56.0,52.0,
00200.jpg,800,1360,34,849.0,364.0,52.0,52.0,
00201.jpg,800,1360,
00202.jpg,800,1360,
00203.jpg,800,1360,0,758.0,375.0,26.0,25.0,
00204.jpg,800,1360,1,858.0,151.0,88.0,91.0,34,730.0,260.0,53.0,56.0,
00205.jpg,800,1360,25,1202.0,332.0,124.0,117.0,
00206.jpg,800,1360,34,61.0,105.0,74.0,73.0,33,1159.0,197.0,65.0,64.0,38,827.0,471.0,20.0,22.0,
00207.jpg,800,1360,25,870.0,313.0,72.0,65.0,
00208.jpg,800,1360,18,638.0,239.0,94.0,80.0,
00209.jpg,800,1360,33,1110.0,287.0,60.0,61.0,
00210.jpg,800,1360,35,1017.0,418.0,21.0,25.0,
00211.jpg,800,1360,11,667.0,410.0,38.0,35.0,
00212.jpg,800,1360,34,293.0,427.0,22.0,23.0,33,756.0,402.0,26.0,28.0,
00214.jpg,800,1360,33,1214.0,241.0,74.0,71.0,
00215.jpg,800,1360,39,784.0,480.0,20.0,20.0,
00216.jpg,800,1360,5,312.0,442.0,25.0,25.0,5,886.0,446.0,25.0,26.0,
00217.jpg,800,1360,1,971.0,267.0,60.0,61.0,
00218.jpg,800,1360,33,808.0,437.0,19.0,19.0,
00219.jpg,800,1360,33,1089.0,345.0,55.0,56.0,
00220.jpg,800,1360,1,1127.0,285.0,41.0,41.0,
00221.jpg,800,1360,26,988.0,420.0,54.0,50.0,
00222.jpg,800,1360,1,985.0,354.0,37.0,36.0,
00223.jpg,800,1360,1,816.0,334.0,42.0,40.0,
00224.jpg,800,1360,28,932.0,188.0,92.0,90.0,1,923.0,276.0,54.0,65.0,9,977.0,263.0,65.0,70.0,
00225.jpg,800,1360,1,856.0,268.0,68.0,66.0,
00226.jpg,800,1360,1,1152.0,224.0,68.0,66.0,
00227.jpg,800,1360,18,1228.0,259.0,78.0,70.0,
00228.jpg,800,1360,1,937.0,295.0,61.0,61.0,
00229.jpg,800,1360,28,1282.0,339.0,50.0,44.0,1,1273.0,384.0,32.0,33.0,9,1305.0,382.0,36.0,32.0,
00230.jpg,800,1360,1,974.0,398.0,28.0,28.0,28,968.0,426.0,39.0,37.0,
00231.jpg,800,1360,1,1146.0,362.0,37.0,37.0,
00232.jpg,800,1360,38,589.0,495.0,28.0,29.0,
00233.jpg,800,1360,38,325.0,485.0,33.0,32.0,
00234.jpg,800,1360,1,1051.0,275.0,64.0,63.0,
00236.jpg,800,1360,
00237.jpg,800,1360,
00238.jpg,800,1360,18,842.0,400.0,39.0,35.0,1,849.0,443.0,28.0,28.0,
00239.jpg,800,1360,18,788.0,411.0,26.0,25.0,1,792.0,439.0,20.0,19.0,
00240.jpg,800,1360,1,847.0,364.0,32.0,32.0,
00241.jpg,800,1360,2,838.0,400.0,42.0,42.0,
00242.jpg,800,1360,15,848.0,388.0,22.0,25.0,
00243.jpg,800,1360,2,843.0,447.0,24.0,23.0,
00244.jpg,800,1360,10,491.0,390.0,39.0,39.0,10,1238.0,349.0,44.0,45.0,
00245.jpg,800,1360,10,477.0,442.0,22.0,22.0,10,851.0,438.0,23.0,23.0,
00246.jpg,800,1360,10,311.0,381.0,43.0,44.0,10,1091.0,354.0,43.0,42.0,
00247.jpg,800,1360,5,471.0,453.0,21.0,21.0,5,856.0,448.0,21.0,21.0,
00248.jpg,800,1360,5,204.0,452.0,25.0,27.0,5,843.0,429.0,27.0,27.0,
00249.jpg,800,1360,2,1212.0,419.0,32.0,33.0,
00250.jpg,800,1360,38,100.0,423.0,68.0,72.0,2,907.0,446.0,25.0,25.0,
00251.jpg,800,1360,38,116.0,425.0,92.0,95.0,
00252.jpg,800,1360,9,915.0,389.0,45.0,45.0,1,910.0,326.0,46.0,46.0,
00253.jpg,800,1360,9,1186.0,134.0,115.0,110.0,
00254.jpg,800,1360,2,1172.0,270.0,65.0,66.0,23,1264.0,368.0,31.0,30.0,
00255.jpg,800,1360,38,183.0,503.0,77.0,78.0,
00256.jpg,800,1360,18,1105.0,42.0,127.0,111.0,
00257.jpg,800,1360,25,1237.0,334.0,58.0,53.0,25,1079.0,388.0,40.0,35.0,
00258.jpg,800,1360,11,745.0,469.0,32.0,32.0,11,346.0,490.0,35.0,32.0,
00259.jpg,800,1360,1,1202.0,329.0,45.0,45.0,
00260.jpg,800,1360,0,720.0,266.0,64.0,64.0,
00261.jpg,800,1360,35,1150.0,250.0,58.0,61.0,
00262.jpg,800,1360,36,894.0,282.0,59.0,59.0,
00263.jpg,800,1360,2,646.0,417.0,20.0,20.0,
00264.jpg,800,1360,4,964.0,412.0,24.0,23.0,9,965.0,435.0,23.0,23.0,9,509.0,466.0,22.0,22.0,
00265.jpg,800,1360,24,800.0,426.0,31.0,30.0,18,783.0,446.0,21.0,18.0,1,805.0,458.0,22.0,22.0,
00266.jpg,800,1360,18,242.0,450.0,51.0,51.0,
00267.jpg,800,1360,36,834.0,380.0,22.0,22.0,
00268.jpg,800,1360,2,891.0,396.0,26.0,26.0,
00269.jpg,800,1360,9,966.0,430.0,24.0,24.0,
00270.jpg,800,1360,2,243.0,335.0,50.0,51.0,2,1237.0,279.0,54.0,53.0,
00271.jpg,800,1360,2,259.0,369.0,38.0,39.0,2,1090.0,341.0,40.0,40.0,
00272.jpg,800,1360,18,1223.0,315.0,74.0,70.0,18,310.0,398.0,67.0,63.0,
00273.jpg,800,1360,29,1080.0,286.0,65.0,57.0,
00274.jpg,800,1360,0,975.0,395.0,36.0,35.0,
00275.jpg,800,1360,33,1196.0,342.0,41.0,42.0,33,206.0,410.0,32.0,35.0,
00276.jpg,800,1360,29,798.0,346.0,47.0,42.0,38,109.0,464.0,44.0,53.0,
00277.jpg,800,1360,16,1048.0,399.0,23.0,23.0,
00278.jpg,800,1360,40,922.0,389.0,29.0,30.0,
00279.jpg,800,1360,38,617.0,484.0,56.0,56.0,
00280.jpg,800,1360,2,1054.0,392.0,29.0,30.0,
00281.jpg,800,1360,31,982.0,363.0,34.0,30.0,2,984.0,392.0,33.0,33.0,
00282.jpg,800,1360,29,869.0,414.0,32.0,30.0,
00283.jpg,800,1360,4,1177.0,114.0,107.0,105.0,
00284.jpg,800,1360,2,993.0,347.0,58.0,57.0,
00285.jpg,800,1360,
00286.jpg,800,1360,
00287.jpg,800,1360,2,1113.0,370.0,41.0,41.0,
00288.jpg,800,1360,5,413.0,456.0,23.0,23.0,5,983.0,438.0,23.0,24.0,
00289.jpg,800,1360,
00290.jpg,800,1360,5,1294.0,391.0,32.0,37.0,
00291.jpg,800,1360,3,1129.0,384.0,36.0,38.0,
00292.jpg,800,1360,8,982.0,422.0,29.0,29.0,8,315.0,447.0,30.0,29.0,
00293.jpg,800,1360,7,28.0,410.0,42.0,46.0,7,1143.0,365.0,50.0,50.0,
00294.jpg,800,1360,22,101.0,405.0,52.0,48.0,22,1173.0,326.0,58.0,55.0,
00295.jpg,800,1360,
00296.jpg,800,1360,7,460.0,409.0,32.0,33.0,7,1237.0,385.0,32.0,32.0,
00297.jpg,800,1360,26,1015.0,444.0,27.0,24.0,26,593.0,443.0,27.0,23.0,
00298.jpg,800,1360,22,1220.0,168.0,107.0,96.0,2,1238.0,256.0,76.0,75.0,11,69.0,445.0,38.0,30.0,
00299.jpg,800,1360,
00300.jpg,800,1360,25,680.0,430.0,30.0,28.0,2,779.0,420.0,22.0,23.0,
00301.jpg,800,1360,22,1062.0,260.0,69.0,64.0,2,1075.0,318.0,50.0,50.0,
00302.jpg,800,1360,
00303.jpg,800,1360,2,1186.0,385.0,29.0,29.0,
00304.jpg,800,1360,35,504.0,385.0,49.0,49.0,
00305.jpg,800,1360,11,765.0,368.0,62.0,54.0,18,549.0,348.0,48.0,45.0,
00306.jpg,800,1360,20,1047.0,420.0,37.0,35.0,20,353.0,471.0,36.0,34.0,
00307.jpg,800,1360,22,892.0,417.0,42.0,40.0,38,829.0,453.0,33.0,33.0,
00309.jpg,800,1360,7,180.0,388.0,40.0,43.0,7,1159.0,353.0,44.0,45.0,
00310.jpg,800,1360,
00311.jpg,800,1360,8,616.0,424.0,34.0,34.0,8,1295.0,391.0,34.0,34.0,
00312.jpg,800,1360,5,122.0,267.0,103.0,112.0,22,1226.0,411.0,23.0,22.0,22,677.0,434.0,22.0,19.0,
00313.jpg,800,1360,
00314.jpg,800,1360,5,1213.0,398.0,34.0,36.0,5,396.0,451.0,33.0,34.0,
00315.jpg,800,1360,
00316.jpg,800,1360,20,693.0,413.0,26.0,24.0,3,696.0,436.0,23.0,22.0,20,994.0,395.0,28.0,25.0,3,995.0,421.0,25.0,24.0,
00317.jpg,800,1360,
00318.jpg,800,1360,15,631.0,451.0,26.0,26.0,38,779.0,481.0,21.0,21.0,
00319.jpg,800,1360,3,1201.0,403.0,47.0,47.0,3,569.0,436.0,43.0,45.0,
00320.jpg,800,1360,
00322.jpg,800,1360,5,1166.0,327.0,43.0,43.0,5,338.0,406.0,43.0,43.0,
00323.jpg,800,1360,10,398.0,437.0,27.0,27.0,10,854.0,438.0,27.0,28.0,
00330.jpg,800,1360,2,1050.0,313.0,66.0,68.0,
00333.jpg,800,1360,
00334.jpg,800,1360,15,323.0,452.0,46.0,46.0,2,760.0,435.0,37.0,37.0,
00337.jpg,800,1360,
00338.jpg,800,1360,26,504.0,397.0,34.0,30.0,2,505.0,425.0,31.0,28.0,26,998.0,397.0,33.0,29.0,2,1000.0,426.0,29.0,27.0,
00339.jpg,800,1360,1,627.0,442.0,33.0,34.0,
00340.jpg,800,1360,33,827.0,521.0,25.0,25.0,
00341.jpg,800,1360,
00343.jpg,800,1360,15,802.0,531.0,27.0,27.0,15,483.0,507.0,29.0,29.0,
00344.jpg,800,1360,
00346.jpg,800,1360,5,291.0,541.0,30.0,30.0,5,883.0,542.0,28.0,28.0,
00347.jpg,800,1360,30,913.0,545.0,57.0,52.0,
00348.jpg,800,1360,5,952.0,524.0,38.0,38.0,
00349.jpg,800,1360,10,53.0,455.0,61.0,59.0,10,1244.0,465.0,68.0,69.0,
00350.jpg,800,1360,10,475.0,543.0,33.0,33.0,10,1092.0,542.0,33.0,31.0,
00351.jpg,800,1360,5,511.0,533.0,27.0,27.0,
00352.jpg,800,1360,
00353.jpg,800,1360,10,836.0,554.0,24.0,24.0,10,456.0,559.0,21.0,22.0,
00355.jpg,800,1360,10,474.0,537.0,33.0,33.0,
00356.jpg,800,1360,30,946.0,520.0,58.0,53.0,30,249.0,499.0,61.0,56.0,
00357.jpg,800,1360,10,1095.0,524.0,35.0,36.0,10,463.0,528.0,37.0,37.0,
00358.jpg,800,1360,8,316.0,490.0,58.0,59.0,
00359.jpg,800,1360,8,879.0,559.0,24.0,24.0,8,467.0,560.0,25.0,25.0,
00360.jpg,800,1360,8,1032.0,484.0,44.0,44.0,8,253.0,502.0,43.0,43.0,
00362.jpg,800,1360,30,252.0,470.0,118.0,104.0,
00363.jpg,800,1360,8,407.0,483.0,43.0,43.0,10,409.0,525.0,44.0,43.0,
00366.jpg,800,1360,8,517.0,530.0,23.0,23.0,10,518.0,553.0,23.0,23.0,8,988.0,550.0,26.0,23.0,10,988.0,574.0,27.0,23.0,
00367.jpg,800,1360,8,1028.0,501.0,40.0,40.0,10,1028.0,542.0,43.0,41.0,8,230.0,488.0,44.0,42.0,10,235.0,533.0,41.0,40.0,
00368.jpg,800,1360,8,382.0,460.0,49.0,50.0,10,378.0,509.0,53.0,52.0,
00369.jpg,800,1360,8,521.0,544.0,21.0,20.0,10,520.0,564.0,23.0,21.0,8,874.0,532.0,21.0,19.0,10,875.0,550.0,21.0,21.0,
00370.jpg,800,1360,8,880.0,536.0,24.0,23.0,10,880.0,558.0,27.0,26.0,8,440.0,531.0,27.0,23.0,10,442.0,553.0,26.0,25.0,
00371.jpg,800,1360,5,316.0,521.0,56.0,56.0,
00372.jpg,800,1360,4,974.0,486.0,43.0,43.0,
00373.jpg,800,1360,4,164.0,517.0,31.0,31.0,4,819.0,511.0,34.0,34.0,
00374.jpg,800,1360,
00375.jpg,800,1360,
00376.jpg,800,1360,
00377.jpg,800,1360,8,1133.0,504.0,39.0,39.0,8,239.0,490.0,39.0,41.0,10,1133.0,543.0,39.0,39.0,10,236.0,532.0,41.0,41.0,
00378.jpg,800,1360,10,23.0,362.0,119.0,118.0,8,22.0,242.0,123.0,120.0,
00379.jpg,800,1360,8,186.0,458.0,46.0,46.0,10,1064.0,488.0,48.0,48.0,10,185.0,503.0,47.0,47.0,8,1062.0,442.0,47.0,47.0,
00380.jpg,800,1360,10,551.0,559.0,24.0,24.0,10,953.0,564.0,23.0,23.0,8,952.0,540.0,23.0,23.0,8,551.0,535.0,24.0,24.0,
00382.jpg,800,1360,8,445.0,490.0,40.0,40.0,10,446.0,529.0,39.0,39.0,8,1209.0,496.0,39.0,39.0,10,1211.0,533.0,39.0,39.0,
00383.jpg,800,1360,30,527.0,546.0,34.0,29.0,30,988.0,542.0,33.0,29.0,
00384.jpg,800,1360,8,1199.0,416.0,64.0,64.0,10,1202.0,479.0,65.0,65.0,
00385.jpg,800,1360,8,977.0,529.0,39.0,39.0,8,267.0,531.0,40.0,40.0,
00386.jpg,800,1360,10,555.0,561.0,25.0,25.0,10,977.0,550.0,23.0,23.0,
00387.jpg,800,1360,30,411.0,499.0,66.0,64.0,30,1185.0,484.0,66.0,63.0,
00388.jpg,800,1360,
00390.jpg,800,1360,8,455.0,502.0,48.0,48.0,8,1219.0,494.0,46.0,47.0,
00391.jpg,800,1360,
00392.jpg,800,1360,7,358.0,443.0,65.0,69.0,
00393.jpg,800,1360,23,278.0,484.0,95.0,87.0,
00395.jpg,800,1360,
00396.jpg,800,1360,7,192.0,484.0,46.0,47.0,7,998.0,468.0,48.0,48.0,
00397.jpg,800,1360,10,949.0,559.0,34.0,34.0,4,947.0,524.0,35.0,35.0,
00398.jpg,800,1360,26,769.0,517.0,27.0,23.0,4,771.0,538.0,24.0,22.0,10,772.0,558.0,24.0,24.0,
00400.jpg,800,1360,26,1236.0,480.0,54.0,48.0,
00401.jpg,800,1360,4,420.0,496.0,41.0,41.0,4,1122.0,497.0,41.0,41.0,
00402.jpg,800,1360,
00403.jpg,800,1360,4,568.0,540.0,24.0,24.0,4,939.0,532.0,26.0,27.0,
00404.jpg,800,1360,4,335.0,415.0,61.0,61.0,4,1255.0,415.0,57.0,57.0,
00405.jpg,800,1360,4,1255.0,470.0,54.0,55.0,4,355.0,444.0,56.0,55.0,
00406.jpg,800,1360,18,520.0,554.0,31.0,27.0,18,852.0,544.0,27.0,26.0,30,1046.0,503.0,51.0,48.0,30,284.0,514.0,49.0,45.0,
00408.jpg,800,1360,18,128.0,463.0,84.0,76.0,18,1132.0,479.0,78.0,70.0,
00410.jpg,800,1360,38,367.0,615.0,56.0,56.0,
00411.jpg,800,1360,38,185.0,602.0,53.0,60.0,
00412.jpg,800,1360,7,1002.0,499.0,45.0,46.0,
00413.jpg,800,1360,3,1038.0,480.0,46.0,49.0,
00414.jpg,800,1360,3,1032.0,421.0,46.0,47.0,
00415.jpg,800,1360,9,827.0,549.0,22.0,22.0,
00416.jpg,800,1360,3,813.0,505.0,38.0,38.0,
00417.jpg,800,1360,18,29.0,448.0,100.0,91.0,
00418.jpg,800,1360,22,455.0,537.0,33.0,29.0,8,460.0,563.0,22.0,22.0,
00419.jpg,800,1360,7,979.0,489.0,46.0,48.0,
00420.jpg,800,1360,3,828.0,542.0,23.0,23.0,3,361.0,548.0,22.0,22.0,
00421.jpg,800,1360,
00422.jpg,800,1360,23,599.0,567.0,25.0,24.0,
00423.jpg,800,1360,25,365.0,469.0,86.0,78.0,25,1151.0,445.0,94.0,88.0,
00425.jpg,800,1360,5,302.0,503.0,40.0,40.0,5,900.0,500.0,41.0,41.0,10,302.0,543.0,40.0,40.0,10,903.0,541.0,41.0,41.0,
00426.jpg,800,1360,25,1077.0,391.0,120.0,111.0,
00427.jpg,800,1360,5,294.0,383.0,94.0,96.0,
00428.jpg,800,1360,7,325.0,548.0,28.0,28.0,7,937.0,543.0,29.0,29.0,
00430.jpg,800,1360,
00431.jpg,800,1360,8,275.0,527.0,39.0,37.0,8,1141.0,496.0,38.0,40.0,
00432.jpg,800,1360,8,237.0,560.0,26.0,26.0,8,942.0,512.0,28.0,28.0,
00433.jpg,800,1360,25,510.0,529.0,56.0,54.0,
00434.jpg,800,1360,5,167.0,194.0,90.0,92.0,
00435.jpg,800,1360,9,834.0,535.0,28.0,29.0,
00436.jpg,800,1360,5,794.0,531.0,22.0,22.0,
00438.jpg,800,1360,
00439.jpg,800,1360,8,1194.0,504.0,57.0,60.0,
00440.jpg,800,1360,23,1243.0,492.0,81.0,70.0,
00441.jpg,800,1360,8,1063.0,531.0,49.0,49.0,
00443.jpg,800,1360,18,817.0,550.0,30.0,28.0,8,823.0,579.0,20.0,19.0,18,470.0,551.0,32.0,27.0,8,477.0,578.0,20.0,18.0,
00444.jpg,800,1360,20,379.0,528.0,48.0,45.0,20,964.0,531.0,45.0,42.0,7,389.0,569.0,30.0,31.0,7,972.0,572.0,29.0,29.0,
00445.jpg,800,1360,5,1021.0,498.0,45.0,46.0,5,213.0,519.0,41.0,42.0,
00446.jpg,800,1360,38,774.0,568.0,33.0,33.0,
00447.jpg,800,1360,
00448.jpg,800,1360,38,581.0,598.0,21.0,22.0,
00449.jpg,800,1360,
00450.jpg,800,1360,11,1104.0,359.0,77.0,70.0,
00451.jpg,800,1360,11,790.0,558.0,29.0,27.0,
00452.jpg,800,1360,25,876.0,543.0,38.0,35.0,
00453.jpg,800,1360,28,1215.0,332.0,87.0,75.0,11,895.0,497.0,27.0,27.0,28,224.0,407.0,55.0,50.0,
00455.jpg,800,1360,11,1094.0,362.0,90.0,80.0,
00456.jpg,800,1360,3,421.0,414.0,55.0,56.0,
00457.jpg,800,1360,2,1243.0,418.0,58.0,57.0,2,517.0,466.0,37.0,38.0,
00458.jpg,800,1360,
00459.jpg,800,1360,25,877.0,515.0,35.0,33.0,1,884.0,548.0,25.0,25.0,
00460.jpg,800,1360,33,831.0,481.0,31.0,31.0,
00461.jpg,800,1360,
00463.jpg,800,1360,38,555.0,628.0,30.0,31.0,
00465.jpg,800,1360,
00466.jpg,800,1360,35,1226.0,440.0,37.0,35.0,34,519.0,494.0,24.0,24.0,
00467.jpg,800,1360,3,1132.0,501.0,36.0,36.0,
00468.jpg,800,1360,3,1128.0,506.0,37.0,38.0,
00470.jpg,800,1360,1,823.0,489.0,24.0,24.0,
00471.jpg,800,1360,
00472.jpg,800,1360,
00473.jpg,800,1360,10,507.0,532.0,33.0,33.0,10,1152.0,506.0,32.0,32.0,
00474.jpg,800,1360,7,1242.0,549.0,32.0,32.0,7,514.0,569.0,31.0,31.0,
00475.jpg,800,1360,7,1233.0,468.0,77.0,75.0,
00476.jpg,800,1360,7,163.0,518.0,36.0,37.0,7,1152.0,523.0,35.0,35.0,
00477.jpg,800,1360,5,298.0,506.0,40.0,40.0,
00478.jpg,800,1360,5,921.0,470.0,42.0,42.0,5,218.0,483.0,40.0,40.0,
00479.jpg,800,1360,40,990.0,539.0,30.0,30.0,
00480.jpg,800,1360,2,1055.0,444.0,48.0,48.0,
00481.jpg,800,1360,18,908.0,502.0,36.0,33.0,
00482.jpg,800,1360,
00483.jpg,800,1360,7,150.0,510.0,53.0,53.0,7,1182.0,531.0,50.0,52.0,
00484.jpg,800,1360,16,339.0,509.0,33.0,33.0,16,1002.0,529.0,33.0,34.0,
00485.jpg,800,1360,16,203.0,377.0,75.0,77.0,
00486.jpg,800,1360,7,410.0,519.0,55.0,55.0,
00487.jpg,800,1360,38,625.0,606.0,19.0,19.0,
00488.jpg,800,1360,38,494.0,611.0,22.0,22.0,
00490.jpg,800,1360,38,644.0,596.0,24.0,24.0,40,847.0,536.0,20.0,20.0,
00491.jpg,800,1360,38,430.0,568.0,58.0,69.0,
00492.jpg,800,1360,11,893.0,528.0,30.0,29.0,
00493.jpg,800,1360,18,910.0,450.0,56.0,51.0,
00494.jpg,800,1360,1,1113.0,300.0,98.0,95.0,
00496.jpg,800,1360,8,511.0,494.0,41.0,42.0,10,509.0,535.0,41.0,41.0,
00497.jpg,800,1360,38,392.0,611.0,33.0,40.0,
00498.jpg,800,1360,38,249.0,586.0,49.0,48.0,
00499.jpg,800,1360,
00500.jpg,800,1360,5,952.0,499.0,48.0,47.0,
00501.jpg,800,1360,4,943.0,557.0,19.0,20.0,4,610.0,558.0,18.0,19.0,38,107.0,637.0,109.0,111.0,
00502.jpg,800,1360,38,558.0,577.0,34.0,34.0,
00503.jpg,800,1360,38,354.0,579.0,69.0,71.0,
00504.jpg,800,1360,38,379.0,595.0,31.0,32.0,
00505.jpg,800,1360,
00507.jpg,800,1360,11,878.0,473.0,55.0,51.0,38,657.0,587.0,16.0,18.0,
00508.jpg,800,1360,11,865.0,495.0,43.0,39.0,
00509.jpg,800,1360,11,833.0,487.0,44.0,40.0,
00512.jpg,800,1360,5,230.0,486.0,40.0,36.0,5,1139.0,490.0,40.0,40.0,
00513.jpg,800,1360,7,142.0,501.0,55.0,55.0,
00514.jpg,800,1360,10,381.0,511.0,37.0,37.0,10,1168.0,491.0,38.0,39.0,
00515.jpg,800,1360,3,257.0,361.0,76.0,74.0,
00516.jpg,800,1360,34,240.0,275.0,58.0,58.0,
00517.jpg,800,1360,10,271.0,422.0,74.0,74.0,
00518.jpg,800,1360,7,451.0,526.0,48.0,48.0,
00519.jpg,800,1360,7,454.0,531.0,53.0,53.0,
00520.jpg,800,1360,10,380.0,507.0,56.0,58.0,
00521.jpg,800,1360,7,377.0,574.0,28.0,30.0,7,946.0,565.0,30.0,30.0,
00523.jpg,800,1360,10,1285.0,512.0,45.0,43.0,10,455.0,515.0,47.0,47.0,
00524.jpg,800,1360,7,187.0,530.0,54.0,54.0,7,1219.0,528.0,52.0,52.0,
00527.jpg,800,1360,10,874.0,426.0,30.0,30.0,10,359.0,420.0,30.0,30.0,
00528.jpg,800,1360,7,985.0,339.0,41.0,41.0,7,166.0,415.0,39.0,40.0,
00530.jpg,800,1360,10,425.0,401.0,35.0,34.0,10,1010.0,401.0,33.0,33.0,
00531.jpg,800,1360,10,484.0,443.0,20.0,20.0,10,909.0,431.0,22.0,22.0,
00536.jpg,800,1360,38,724.0,479.0,16.0,16.0,
00542.jpg,800,1360,
00544.jpg,800,1360,11,1054.0,297.0,68.0,61.0,25,990.0,425.0,38.0,34.0,1,744.0,438.0,18.0,20.0,
00545.jpg,800,1360,15,213.0,435.0,34.0,39.0,
00548.jpg,800,1360,36,782.0,469.0,25.0,25.0,
00551.jpg,800,1360,16,937.0,465.0,29.0,28.0,
00552.jpg,800,1360,8,537.0,512.0,17.0,17.0,10,538.0,528.0,16.0,16.0,8,814.0,508.0,18.0,18.0,10,815.0,525.0,16.0,16.0,
00554.jpg,800,1360,18,947.0,472.0,37.0,35.0,
00556.jpg,800,1360,38,1195.0,499.0,58.0,58.0,
00557.jpg,800,1360,23,273.0,462.0,44.0,40.0,
00560.jpg,800,1360,3,1039.0,173.0,60.0,60.0,
00564.jpg,800,1360,11,755.0,368.0,44.0,40.0,
00565.jpg,800,1360,
00566.jpg,800,1360,9,655.0,395.0,34.0,34.0,9,124.0,419.0,32.0,32.0,38,461.0,489.0,20.0,19.0,
00567.jpg,800,1360,22,1050.0,409.0,59.0,51.0,
00570.jpg,800,1360,9,881.0,416.0,33.0,33.0,
00571.jpg,800,1360,
00575.jpg,800,1360,38,403.0,474.0,32.0,32.0,
00593.jpg,800,1360,38,584.0,510.0,24.0,24.0,
00599.jpg,800,1360,9,700.0,454.0,22.0,22.0,
00601.jpg,800,1360,7,82.0,450.0,63.0,58.0,
00602.jpg,800,1360,8,1268.0,555.0,31.0,31.0,8,443.0,543.0,31.0,31.0,
00603.jpg,800,1360,10,361.0,445.0,56.0,55.0,
00604.jpg,800,1360,30,365.0,482.0,72.0,64.0,
00605.jpg,800,1360,4,167.0,511.0,39.0,39.0,4,846.0,501.0,35.0,34.0,
00606.jpg,800,1360,
00607.jpg,800,1360,24,888.0,472.0,62.0,54.0,
00608.jpg,800,1360,
00609.jpg,800,1360,4,809.0,507.0,32.0,32.0,4,310.0,512.0,33.0,34.0,
00610.jpg,800,1360,4,917.0,553.0,21.0,21.0,
00611.jpg,800,1360,4,839.0,488.0,33.0,33.0,10,840.0,520.0,33.0,32.0,
00612.jpg,800,1360,38,127.0,521.0,91.0,91.0,
00613.jpg,800,1360,5,1132.0,561.0,37.0,37.0,5,478.0,546.0,35.0,35.0,
00615.jpg,800,1360,18,881.0,530.0,45.0,42.0,8,890.0,572.0,28.0,28.0,18,375.0,531.0,46.0,43.0,8,386.0,571.0,27.0,29.0,
00616.jpg,800,1360,
00619.jpg,800,1360,
00620.jpg,800,1360,9,863.0,425.0,29.0,29.0,
00621.jpg,800,1360,4,782.0,443.0,26.0,26.0,
00622.jpg,800,1360,22,814.0,424.0,46.0,41.0,
00623.jpg,800,1360,4,974.0,374.0,60.0,60.0,
00624.jpg,800,1360,38,387.0,505.0,47.0,49.0,2,821.0,464.0,24.0,24.0,
00625.jpg,800,1360,2,1037.0,377.0,65.0,66.0,
00626.jpg,800,1360,2,857.0,404.0,38.0,38.0,9,857.0,444.0,36.0,36.0,
00628.jpg,800,1360,
00630.jpg,800,1360,4,1219.0,315.0,66.0,70.0,
00631.jpg,800,1360,4,799.0,478.0,35.0,34.0,
00632.jpg,800,1360,1,101.0,379.0,46.0,45.0,
00633.jpg,800,1360,38,290.0,501.0,70.0,81.0,
00634.jpg,800,1360,2,525.0,371.0,45.0,45.0,
00635.jpg,800,1360,9,826.0,423.0,38.0,38.0,
00637.jpg,800,1360,11,868.0,401.0,48.0,44.0,
00638.jpg,800,1360,1,914.0,374.0,39.0,40.0,
00639.jpg,800,1360,38,289.0,504.0,48.0,49.0,
00640.jpg,800,1360,4,1105.0,353.0,71.0,71.0,
00641.jpg,800,1360,
00642.jpg,800,1360,38,434.0,496.0,23.0,22.0,
00644.jpg,800,1360,38,76.0,514.0,54.0,57.0,
00645.jpg,800,1360,1,1034.0,311.0,56.0,56.0,
00646.jpg,800,1360,
00647.jpg,800,1360,38,611.0,515.0,22.0,22.0,
00648.jpg,800,1360,25,346.0,378.0,68.0,61.0,
00649.jpg,800,1360,
00650.jpg,800,1360,38,487.0,515.0,21.0,22.0,
00651.jpg,800,1360,25,788.0,339.0,73.0,66.0,1,800.0,404.0,51.0,52.0,
00653.jpg,800,1360,35,786.0,418.0,22.0,23.0,
00654.jpg,800,1360,
00655.jpg,800,1360,38,544.0,520.0,20.0,20.0,
00656.jpg,800,1360,15,574.0,465.0,25.0,25.0,
00657.jpg,800,1360,16,991.0,400.0,35.0,35.0,
00658.jpg,800,1360,23,858.0,340.0,79.0,70.0,
00659.jpg,800,1360,2,993.0,430.0,40.0,40.0,
00660.jpg,800,1360,9,943.0,422.0,36.0,36.0,
00661.jpg,800,1360,2,1138.0,401.0,31.0,29.0,
00662.jpg,800,1360,22,948.0,440.0,45.0,41.0,
00663.jpg,800,1360,
00664.jpg,800,1360,4,849.0,437.0,31.0,31.0,
00665.jpg,800,1360,23,693.0,413.0,49.0,42.0,4,557.0,471.0,22.0,22.0,
00667.jpg,800,1360,4,737.0,444.0,27.0,27.0,
00668.jpg,800,1360,2,1083.0,254.0,89.0,86.0,
00669.jpg,800,1360,4,899.0,393.0,50.0,51.0,
00670.jpg,800,1360,4,997.0,306.0,67.0,67.0,
00671.jpg,800,1360,26,839.0,348.0,53.0,46.0,2,846.0,393.0,37.0,37.0,
00672.jpg,800,1360,
00673.jpg,800,1360,11,414.0,406.0,60.0,53.0,
00674.jpg,800,1360,1,717.0,371.0,34.0,34.0,
00675.jpg,800,1360,38,641.0,503.0,35.0,35.0,40,1012.0,421.0,25.0,26.0,
00678.jpg,800,1360,
00679.jpg,800,1360,33,720.0,409.0,39.0,41.0,
00680.jpg,800,1360,1,900.0,394.0,53.0,54.0,35,367.0,439.0,28.0,28.0,
00681.jpg,800,1360,1,820.0,434.0,26.0,26.0,
00682.jpg,800,1360,35,278.0,426.0,41.0,41.0,35,885.0,421.0,45.0,45.0,38,261.0,486.0,29.0,29.0,
00683.jpg,800,1360,10,387.0,455.0,22.0,22.0,10,889.0,450.0,24.0,25.0,
00685.jpg,800,1360,38,615.0,508.0,44.0,44.0,
00686.jpg,800,1360,5,377.0,437.0,35.0,37.0,
00688.jpg,800,1360,
00689.jpg,800,1360,25,590.0,488.0,31.0,28.0,25,890.0,485.0,32.0,29.0,
00690.jpg,800,1360,4,775.0,506.0,24.0,23.0,
00691.jpg,800,1360,4,885.0,492.0,22.0,22.0,4,469.0,490.0,21.0,22.0,
00692.jpg,800,1360,15,1050.0,357.0,41.0,40.0,
00693.jpg,800,1360,3,984.0,383.0,40.0,40.0,
00694.jpg,800,1360,
00695.jpg,800,1360,
00696.jpg,800,1360,9,717.0,446.0,20.0,20.0,
00697.jpg,800,1360,25,944.0,322.0,76.0,67.0,
00698.jpg,800,1360,1,737.0,413.0,28.0,29.0,
00699.jpg,800,1360,1,727.0,413.0,29.0,30.0,
00700.jpg,800,1360,
00701.jpg,800,1360,2,1042.0,396.0,46.0,46.0,
00702.jpg,800,1360,
00703.jpg,800,1360,28,994.0,311.0,57.0,52.0,1,1001.0,360.0,41.0,41.0,
00704.jpg,800,1360,2,766.0,411.0,27.0,27.0,
00705.jpg,800,1360,1,955.0,343.0,36.0,35.0,
00706.jpg,800,1360,1,866.0,371.0,33.0,31.0,
00707.jpg,800,1360,4,907.0,383.0,36.0,36.0,
00710.jpg,800,1360,2,1084.0,201.0,80.0,82.0,
00712.jpg,800,1360,9,932.0,361.0,52.0,52.0,
00714.jpg,800,1360,1,784.0,313.0,44.0,44.0,
00715.jpg,800,1360,38,285.0,346.0,66.0,66.0,
00716.jpg,800,1360,4,820.0,335.0,49.0,51.0,
00717.jpg,800,1360,4,835.0,435.0,24.0,24.0,
00719.jpg,800,1360,2,933.0,390.0,36.0,37.0,
00720.jpg,800,1360,2,737.0,429.0,19.0,19.0,
00721.jpg,800,1360,
00722.jpg,800,1360,23,104.0,364.0,60.0,54.0,23,992.0,330.0,57.0,51.0,
00723.jpg,800,1360,23,746.0,360.0,54.0,48.0,23,180.0,366.0,56.0,48.0,4,696.0,424.0,21.0,22.0,
00725.jpg,800,1360,39,552.0,599.0,21.0,22.0,
00728.jpg,800,1360,25,498.0,563.0,34.0,33.0,
00729.jpg,800,1360,3,536.0,489.0,34.0,34.0,
00730.jpg,800,1360,3,466.0,443.0,46.0,47.0,3,1053.0,517.0,30.0,30.0,
00732.jpg,800,1360,
00733.jpg,800,1360,38,442.0,583.0,48.0,49.0,4,508.0,426.0,35.0,36.0,4,937.0,523.0,28.0,28.0,
00734.jpg,800,1360,3,1090.0,450.0,76.0,78.0,
00736.jpg,800,1360,25,828.0,550.0,28.0,27.0,
00737.jpg,800,1360,
00738.jpg,800,1360,38,555.0,605.0,29.0,29.0,
00740.jpg,800,1360,5,1163.0,510.0,50.0,50.0,5,489.0,513.0,45.0,45.0,
00741.jpg,800,1360,10,438.0,558.0,27.0,27.0,10,972.0,555.0,28.0,28.0,
00742.jpg,800,1360,7,334.0,562.0,34.0,34.0,7,960.0,554.0,35.0,33.0,
00744.jpg,800,1360,
00746.jpg,800,1360,8,1135.0,492.0,46.0,45.0,8,235.0,469.0,46.0,46.0,10,236.0,515.0,44.0,46.0,10,1138.0,537.0,44.0,42.0,
00747.jpg,800,1360,
00749.jpg,800,1360,5,301.0,551.0,45.0,45.0,5,1153.0,546.0,47.0,47.0,
00751.jpg,800,1360,
00752.jpg,800,1360,1,934.0,448.0,45.0,46.0,
00754.jpg,800,1360,38,728.0,593.0,39.0,39.0,
00755.jpg,800,1360,1,852.0,518.0,31.0,31.0,38,563.0,595.0,30.0,30.0,
00756.jpg,800,1360,
00758.jpg,800,1360,8,982.0,521.0,32.0,32.0,8,374.0,515.0,32.0,32.0,10,376.0,548.0,31.0,31.0,10,982.0,553.0,33.0,33.0,
00760.jpg,800,1360,8,591.0,538.0,25.0,25.0,10,591.0,563.0,25.0,24.0,8,1023.0,542.0,26.0,27.0,10,1024.0,568.0,24.0,24.0,
00761.jpg,800,1360,38,35.0,541.0,60.0,56.0,
00762.jpg,800,1360,
00763.jpg,800,1360,11,865.0,514.0,39.0,33.0,
00764.jpg,800,1360,11,814.0,511.0,37.0,36.0,
00766.jpg,800,1360,15,256.0,495.0,33.0,38.0,
00770.jpg,800,1360,38,526.0,578.0,29.0,29.0,
00771.jpg,800,1360,18,836.0,437.0,34.0,31.0,
00772.jpg,800,1360,18,842.0,553.0,22.0,20.0,
00773.jpg,800,1360,1,879.0,514.0,24.0,24.0,
00774.jpg,800,1360,1,929.0,516.0,32.0,32.0,
00775.jpg,800,1360,1,884.0,483.0,46.0,46.0,
00776.jpg,800,1360,1,861.0,505.0,32.0,32.0,38,646.0,604.0,21.0,21.0,
00777.jpg,800,1360,1,834.0,526.0,24.0,24.0,
00778.jpg,800,1360,39,989.0,554.0,44.0,45.0,
00779.jpg,800,1360,24,505.0,487.0,48.0,45.0,
00780.jpg,800,1360,25,365.0,468.0,101.0,90.0,3,1165.0,572.0,62.0,64.0,25,1142.0,487.0,95.0,88.0,3,380.0,557.0,64.0,64.0,
00782.jpg,800,1360,
00783.jpg,800,1360,38,276.0,568.0,43.0,46.0,
00784.jpg,800,1360,38,31.0,576.0,121.0,125.0,
00785.jpg,800,1360,34,510.0,435.0,32.0,32.0,34,1003.0,469.0,32.0,32.0,
00787.jpg,800,1360,11,1003.0,422.0,87.0,75.0,18,377.0,595.0,16.0,18.0,
00788.jpg,800,1360,18,959.0,501.0,83.0,85.0,
00789.jpg,800,1360,
00791.jpg,800,1360,30,906.0,469.0,55.0,50.0,4,985.0,412.0,77.0,77.0,
00794.jpg,800,1360,
00795.jpg,800,1360,38,168.0,612.0,48.0,51.0,
00797.jpg,800,1360,37,832.0,456.0,34.0,33.0,34,396.0,494.0,27.0,28.0,
00798.jpg,800,1360,2,786.0,545.0,20.0,20.0,
00801.jpg,800,1360,38,503.0,446.0,32.0,34.0,
00802.jpg,800,1360,28,596.0,181.0,102.0,88.0,1,610.0,267.0,73.0,69.0,
00803.jpg,800,1360,1,771.0,232.0,64.0,63.0,9,772.0,322.0,65.0,65.0,
00805.jpg,800,1360,28,870.0,369.0,44.0,43.0,
00806.jpg,800,1360,1,807.0,407.0,25.0,25.0,
00807.jpg,800,1360,11,823.0,370.0,44.0,38.0,
00808.jpg,800,1360,38,272.0,463.0,43.0,44.0,28,795.0,264.0,71.0,62.0,
00809.jpg,800,1360,
00810.jpg,800,1360,11,622.0,319.0,70.0,66.0,18,460.0,385.0,32.0,30.0,
00811.jpg,800,1360,11,702.0,356.0,35.0,33.0,
00813.jpg,800,1360,33,928.0,250.0,82.0,83.0,
00816.jpg,800,1360,18,954.0,363.0,52.0,47.0,
00817.jpg,800,1360,11,707.0,407.0,44.0,40.0,
00818.jpg,800,1360,25,718.0,430.0,27.0,25.0,
00820.jpg,800,1360,11,1057.0,254.0,112.0,102.0,
00821.jpg,800,1360,5,859.0,444.0,23.0,22.0,5,333.0,442.0,23.0,24.0,
00822.jpg,800,1360,11,785.0,407.0,33.0,29.0,
00823.jpg,800,1360,40,1068.0,408.0,22.0,22.0,38,805.0,479.0,29.0,29.0,
00824.jpg,800,1360,15,232.0,416.0,35.0,35.0,
00825.jpg,800,1360,1,1083.0,378.0,25.0,26.0,
00827.jpg,800,1360,38,539.0,473.0,31.0,37.0,
00828.jpg,800,1360,18,860.0,384.0,72.0,66.0,
00829.jpg,800,1360,1,553.0,399.0,23.0,23.0,
00831.jpg,800,1360,1,975.0,371.0,39.0,39.0,
00833.jpg,800,1360,1,776.0,332.0,46.0,46.0,
00834.jpg,800,1360,1,1130.0,264.0,57.0,61.0,
00835.jpg,800,1360,11,765.0,415.0,28.0,25.0,
00836.jpg,800,1360,
00837.jpg,800,1360,18,1201.0,368.0,61.0,54.0,
00838.jpg,800,1360,2,1068.0,382.0,29.0,29.0,2,443.0,419.0,27.0,27.0,
00839.jpg,800,1360,2,1234.0,297.0,45.0,45.0,9,1234.0,343.0,46.0,45.0,2,303.0,365.0,43.0,44.0,9,305.0,409.0,43.0,45.0,
00841.jpg,800,1360,38,593.0,482.0,30.0,30.0,
00842.jpg,800,1360,
00844.jpg,800,1360,
00845.jpg,800,1360,22,958.0,414.0,33.0,30.0,
00846.jpg,800,1360,2,374.0,383.0,35.0,35.0,2,1091.0,348.0,37.0,37.0,
00848.jpg,800,1360,1,982.0,241.0,72.0,72.0,
00849.jpg,800,1360,33,400.0,412.0,35.0,35.0,
00850.jpg,800,1360,1,973.0,373.0,32.0,32.0,
00851.jpg,800,1360,1,1092.0,312.0,55.0,55.0,
00852.jpg,800,1360,29,1091.0,278.0,52.0,50.0,
00853.jpg,800,1360,40,943.0,415.0,28.0,29.0,38,683.0,484.0,22.0,22.0,
00854.jpg,800,1360,2,1182.0,254.0,73.0,73.0,
00855.jpg,800,1360,23,1151.0,290.0,108.0,97.0,
00857.jpg,800,1360,
00858.jpg,800,1360,18,811.0,434.0,28.0,26.0,
00859.jpg,800,1360,28,892.0,386.0,39.0,37.0,
00860.jpg,800,1360,2,1077.0,144.0,91.0,87.0,
00862.jpg,800,1360,7,285.0,425.0,77.0,76.0,
00863.jpg,800,1360,
00864.jpg,800,1360,22,910.0,443.0,21.0,19.0,
00865.jpg,800,1360,38,573.0,490.0,24.0,24.0,
00866.jpg,800,1360,10,1004.0,398.0,28.0,28.0,
00867.jpg,800,1360,26,119.0,424.0,61.0,58.0,26,1101.0,389.0,70.0,63.0,
00868.jpg,800,1360,26,590.0,470.0,20.0,18.0,26,876.0,450.0,20.0,19.0,
00869.jpg,800,1360,26,60.0,405.0,69.0,70.0,26,1233.0,317.0,77.0,74.0,
00870.jpg,800,1360,5,569.0,456.0,21.0,21.0,5,1030.0,441.0,20.0,20.0,
00871.jpg,800,1360,5,375.0,407.0,36.0,36.0,5,1273.0,381.0,40.0,40.0,
00872.jpg,800,1360,10,937.0,406.0,33.0,33.0,10,318.0,416.0,33.0,33.0,
00874.jpg,800,1360,31,1233.0,387.0,65.0,63.0,
00876.jpg,800,1360,3,466.0,469.0,25.0,25.0,3,776.0,477.0,20.0,20.0,
00879.jpg,800,1360,
00881.jpg,800,1360,5,1131.0,561.0,37.0,37.0,5,478.0,546.0,35.0,35.0,
00882.jpg,800,1360,5,244.0,546.0,73.0,71.0,
00884.jpg,800,1360,4,855.0,477.0,35.0,35.0,10,854.0,512.0,35.0,33.0,
00885.jpg,800,1360,38,202.0,532.0,79.0,79.0,
00886.jpg,800,1360,4,815.0,517.0,23.0,23.0,10,815.0,540.0,25.0,25.0,
00887.jpg,800,1360,36,852.0,523.0,27.0,27.0,
00888.jpg,800,1360,35,989.0,315.0,54.0,55.0,
00889.jpg,800,1360,4,689.0,530.0,24.0,24.0,
00891.jpg,800,1360,4,747.0,551.0,20.0,20.0,4,473.0,556.0,20.0,20.0,
00893.jpg,800,1360,
00894.jpg,800,1360,4,389.0,527.0,28.0,28.0,4,1093.0,529.0,39.0,39.0,
00895.jpg,800,1360,4,193.0,482.0,45.0,45.0,4,966.0,418.0,48.0,48.0,
00896.jpg,800,1360,15,808.0,412.0,38.0,38.0,
00897.jpg,800,1360,
00898.jpg,800,1360,4,323.0,504.0,32.0,32.0,4,817.0,510.0,32.0,32.0,
00899.jpg,800,1360,24,864.0,484.0,57.0,50.0,