1277381619Image000001.jpg,960,1280
1277381619Image000006.jpg,960,1280
1277381619Image000011.jpg,960,1280
1277381619Image000016.jpg,960,1280
1277381624Image000002.jpg,960,1280
1277381624Image000007.jpg,960,1280
1277381624Image000012.jpg,960,1280
1277381624Image000017.jpg,960,1280
1277381655Image000002.jpg,960,1280
1277381655Image000007.jpg,960,1280
1277381655Image000012.jpg,960,1280
1277381655Image000017.jpg,960,1280
1277381655Image000022.jpg,960,1280
1277381671Image000002.jpg,960,1280,MANDATORY,638.753875,551.832335,16.888519000000088,17.37104899999997
1277381671Image000007.jpg,960,1280,MANDATORY,619.245140,551.821865,19.3664,18.796799999999962
1277381671Image000012.jpg,960,1280,MANDATORY,586.692347,547.973050,19.680000000000064,18.367999999999938
1277381674Image000001.jpg,960,1280,MANDATORY,393.149818,533.126540,40.77918,39.01892800000002,MANDATORY,414.015810,566.716278,22.59104100000002,22.033236999999986,WARNING,886.173785,533.580059,27.261488999999983,15.950872000000004
1277381674Image000006.jpg,960,1280,MANDATORY,331.078253,521.460738,49.827188999999976,46.23963199999997,MANDATORY,371.812402,564.463713,27.437600999999972,25.497569,WARNING,895.052096,530.862613,28.70370300000002,19.901235000000042
1277381674Image000011.jpg,960,1280,MANDATORY,220.695232,486.806716,63.74002899999999,61.68389899999997,MANDATORY,314.081149,554.133457,29.88700599999993,28.154426,WARNING,915.812543,513.772960,32.832764,23.993173999999954
1277381674Image000016.jpg,960,1280,MANDATORY,62.937476,440.217468,84.33333299999998,85.33333300000001,MANDATORY,255.381653,544.388522,34.99232000000006,31.597542000000004,WARNING,949.305220,507.008842,38.21097000000003,18.70745499999998,MANDATORY,966.441589,525.647183,46.98648700000001,17.972973000000025
1277381674Image000021.jpg,960,1280,MANDATORY,103.905221,530.246723,44.62659400000007,43.71584700000001,WARNING,1051.573857,469.709848,55.99999999999994,28.0,MANDATORY,1147.802688,488.694625,68.03418799999997,34.584045999999944
1277381680Image000004.jpg,960,1280,PROHIBITORY,282.642778,496.802603,41.81073100000003,45.04768999999999,PROHIBITORY,894.360940,446.431197,50.427211,46.41088400000001
1277381680Image000009.jpg,960,1280,PROHIBITORY,99.179481,440.818991,66.41751200000004,66.751269,PROHIBITORY,1051.509782,363.493086,67.92676499999999,67.438083
1277381680Image000014.jpg,960,1280
1277381708Image000002.jpg,960,1280,PROHIBITORY,858.831864,477.005016,35.94502600000004,36.986910999999964
1277381708Image000007.jpg,960,1280,PROHIBITORY,957.097890,438.202227,47.0,48.0
1277381708Image000012.jpg,960,1280,PROHIBITORY,1104.633646,377.186987,63.0,63.0
1277381708Image000017.jpg,960,1280
1277381708Image000022.jpg,960,1280
1277381750Image000004.jpg,960,1280
1277381750Image000009.jpg,960,1280
1277381750Image000014.jpg,960,1280
1277381750Image000019.jpg,960,1280
1277381792Image000001.jpg,960,1280
1277381792Image000006.jpg,960,1280
1277381792Image000011.jpg,960,1280
1277381830Image000003.jpg,960,1280,PROHIBITORY,643.858235,650.578971,29.53371400000003,30.34285699999998
1277381830Image000008.jpg,960,1280,PROHIBITORY,709.353885,631.268691,33.168724,34.23868300000004
1277381830Image000013.jpg,960,1280,PROHIBITORY,849.477765,577.780034,47.475112999999965,50.787330999999995
1277381830Image000018.jpg,960,1280,PROHIBITORY,1209.203969,458.726201,76.74126800000005,68.33893899999998
1277381940Image000004.jpg,960,1280
1277381940Image000009.jpg,960,1280
1277381940Image000014.jpg,960,1280
1277381949Image000003.jpg,960,1280,PROHIBITORY,454.248093,696.528965,15.78534000000002,15.083769000000018,PROHIBITORY,65.855555,678.631714,13.940678000000048,15.423728000000011
1277381949Image000008.jpg,960,1280,PROHIBITORY,546.942394,696.907947,20.863538999999946,20.424307
1277381949Image000013.jpg,960,1280,PROHIBITORY,667.631818,675.958899,27.294118000000026,32.0
1277381949Image000018.jpg,960,1280,PROHIBITORY,889.282769,651.605919,46.429091000000085,51.74909100000002
1277381949Image000023.jpg,960,1280
1277381967Image000004.jpg,960,1280
1277381967Image000009.jpg,960,1280
1277381967Image000014.jpg,960,1280
1277381979Image000003.jpg,960,1280,PROHIBITORY,488.361091,687.055233,31.4890969999999,31.489097000000015
1277381979Image000008.jpg,960,1280,PROHIBITORY,749.514068,607.253810,72.0,67.0
1277382078Image000001.jpg,960,1280
1277382078Image000006.jpg,960,1280
1277382078Image000011.jpg,960,1280
1277382078Image000016.jpg,960,1280
1277382118Image000001.jpg,960,1280
1277382118Image000006.jpg,960,1280
1277382118Image000011.jpg,960,1280
1277382153Image000004.jpg,960,1280
1277382153Image000009.jpg,960,1280
1277382153Image000014.jpg,960,1280
1277382153Image000019.jpg,960,1280
1277382258Image000004.jpg,960,1280
1277382258Image000009.jpg,960,1280
1277382258Image000014.jpg,960,1280
1277382288Image000003.jpg,960,1280,PROHIBITORY,780.544549,586.782532,71.0,67.0
1277382288Image000008.jpg,960,1280,PROHIBITORY,1134.181125,441.223329,129.00000000000006,121.0
1277382333Image000001.jpg,960,1280,PROHIBITORY,202.832483,682.612098,18.323352999999997,18.323352999999997,PROHIBITORY,491.289039,679.395047,18.550000000000068,17.149999999999977
1277382333Image000006.jpg,960,1280,PROHIBITORY,174.924979,686.021817,19.00729899999999,20.364963999999986,PROHIBITORY,499.090804,679.072392,20.719177999999943,18.835616000000016
1277382333Image000011.jpg,960,1280,PROHIBITORY,130.703292,697.044805,22.873239000000012,24.098591999999996,PROHIBITORY,510.040457,686.428177,24.912751999999955,23.355705
1277382333Image000016.jpg,960,1280,PROHIBITORY,71.701189,686.256288,28.405063999999925,29.696202,PROHIBITORY,528.630909,675.795057,27.80882399999996,30.948529000000008
1277382333Image000021.jpg,960,1280,PROHIBITORY,0.749707,682.828253,36.0,21.0,PROHIBITORY,562.399355,663.403907,35.39207099999999,34.03083700000002
1277382333Image000026.jpg,960,1280,PROHIBITORY,631.990035,643.303048,51.0,50.0
1277382333Image000031.jpg,960,1280,PROHIBITORY,737.027550,594.288980,73.0,73.0
1277382333Image000036.jpg,960,1280,PROHIBITORY,1005.115475,484.725088,125.0,113.00000000000011
1277382385Image000003.jpg,960,1280,PROHIBITORY,585.281640,651.472928,38.100877999999966,37.05701799999997
1277382385Image000008.jpg,960,1280,PROHIBITORY,665.285000,631.018614,49.51502100000005,47.725322000000006
1277382385Image000013.jpg,960,1280,PROHIBITORY,952.605510,504.748535,104.99999999999994,97.00000000000011
1277382385Image000018.jpg,960,1280
1277382390Image000004.jpg,960,1280
1277382390Image000009.jpg,960,1280
1277382434Image000001.jpg,960,1280,PROHIBITORY,460.422040,720.988047,14.086956999999984,14.869565000000023
1277382434Image000006.jpg,960,1280,PROHIBITORY,470.746760,713.427514,15.95412900000008,15.614679000000024
1277382434Image000011.jpg,960,1280,PROHIBITORY,482.721252,704.541424,18.815533999999957,18.815534000000014
1277382434Image000016.jpg,960,1280,PROHIBITORY,499.767535,688.479021,21.23076900000001,22.174359000000038
1277382434Image000021.jpg,960,1280,PROHIBITORY,522.362203,683.974117,25.49416400000007,25.494162999999958
1277382434Image000026.jpg,960,1280,PROHIBITORY,582.441919,672.378816,35.42029000000002,34.28985499999999
1277382434Image000031.jpg,960,1280,PROHIBITORY,683.494138,637.780188,52.0,53.0
1277382434Image000036.jpg,960,1280,PROHIBITORY,891.187044,570.422418,84.45161299999995,82.19354799999996
1277382434Image000041.jpg,960,1280
1277382444Image000004.jpg,960,1280
1277382444Image000009.jpg,960,1280
1277382444Image000014.jpg,960,1280
1277382444Image000019.jpg,960,1280
1277382450Image000001.jpg,960,1280
1277382450Image000006.jpg,960,1280
1277382450Image000011.jpg,960,1280
1277382450Image000016.jpg,960,1280
